61
0	0.05	0.1	0.15	0.2	0.25	0.3	0.35	0.4	0.45	0.5	0.55	0.6	0.65	0.7	0.75	0.8	0.85	0.9	0.95	1	1.05	1.1	1.15	1.2	1.25	1.3	1.35	1.4	1.45	1.5	1.55	1.6	1.65	1.7	1.75	1.8	1.85	1.9	1.95	2	2.05	2.1	2.15	2.2	2.25	2.3	2.35	2.4	2.45	2.5	2.55	2.6	2.65	2.7	2.75	2.8	2.85	2.9	2.95	3	
5.95	5.6255	5.312	5.0095	4.718	4.4375	4.168	3.9095	3.662	3.4255	3.2	2.9855	2.782	2.5895	2.408	2.2375	2.078	1.9295	1.792	1.6655	1.55	1.4455	1.352	1.2695	1.198	1.1375	1.088	1.0495	1.022	1.0055	1	1.0055	1.022	1.0495	1.088	1.1375	1.198	1.2695	1.352	1.4455	1.55	1.6655	1.792	1.9295	2.078	2.2375	2.408	2.5895	2.782	2.9855	3.2	3.4255	3.662	3.9095	4.168	4.4375	4.718	5.0095	5.312	5.6255	5.95	
0	0
               1       0.0991597               1               1       0.0991597            5.95            0.59          14.916
               1         0.10488               1               1         0.10488          5.6255            0.59         14.1071
               1        0.111069               1               1        0.111069           5.312            0.59         13.3259
               1        0.117776               1               1        0.117776          5.0095            0.59         12.5724
               1        0.125053               1               1        0.125053           4.718            0.59         11.8466
               1        0.132958               1               1        0.132958          4.4375            0.59         11.1487
               1        0.141555               1               1        0.141555           4.168            0.59         10.4785
               1        0.150914               1               1        0.150914          3.9095            0.59         9.83608
               1        0.161114               1               1        0.161114           3.662            0.59         9.22154
               1        0.172238               1               1        0.172238          3.4255            0.59         8.63488
               1        0.184375               1               1        0.184375             3.2            0.59         8.07615
          0.9817        0.201306         0.99165        0.973503        0.202151         2.93087            0.59         7.34912
          0.9634        0.220135          0.9833        0.947311        0.221996         2.68018            0.59         6.67947
          0.9451        0.241078         0.97495        0.921425        0.244156         2.44734            0.59         6.06464
          0.9268        0.264368          0.9666        0.895845        0.268897         2.23173            0.59         5.50217
          0.9085        0.290245         0.95825         0.87057          0.2965         2.03277            0.59         4.98962
          0.8902        0.318947          0.9499        0.845601         0.32725         1.84984            0.59         4.52462
          0.8719        0.350704         0.94155        0.820937        0.361426         1.68233            0.59         4.10484
          0.8536        0.385709          0.9332         0.79658        0.399275         1.52965            0.59         3.72797
          0.8353        0.424097         0.92485        0.772527        0.440991         1.39119            0.59         3.39176
           0.817        0.465906          0.9165         0.74878        0.486667         1.26635            0.59         3.09394
          0.7987        0.511035         0.90815        0.725339        0.536255         1.15452            0.59         2.83225
          0.7804        0.559188          0.8998        0.702204        0.589502          1.0551            0.59         2.60439
          0.7621        0.609828         0.89145        0.679374         0.64589        0.967486            0.59         2.40802
          0.7438        0.662124          0.8831         0.65685        0.704586        0.891072            0.59         2.24072
          0.7255        0.714929         0.87475        0.634631        0.764401        0.825256            0.59             2.1
          0.7072        0.766798          0.8664        0.612718          0.8238        0.769434            0.59         1.98328
          0.6889        0.816044         0.85805        0.591111        0.880962        0.723001            0.59         1.88795
          0.6706         0.86087          0.8497        0.569809        0.933909        0.685353            0.59          1.8114
          0.6523        0.899544         0.84135        0.548813        0.980696        0.655888            0.59         1.75109
           0.634        0.930599           0.833        0.528122         1.01962           0.634            0.59         1.70464
          0.5989        0.979751         0.80846        0.484187         1.08965        0.602194            0.59         1.62176
          0.5638         1.02394         0.78392        0.441974         1.15649        0.576204            0.59         1.55213
          0.5287         1.06331         0.75938        0.401484          1.2202        0.554871            0.59         1.49254
          0.4936         1.09862         0.73484        0.362717          1.2816        0.537037            0.59         1.44032
          0.4585         1.13126          0.7103        0.325673         1.34227        0.521544            0.59         1.39334
          0.4234         1.16317         0.68576        0.290351         1.40462        0.507233            0.59         1.34999
          0.3883         1.19688         0.66122        0.256752          1.4719        0.492947            0.59         1.30918
          0.3532         1.23553         0.63668        0.224875         1.54844        0.477526            0.59         1.27035
          0.3181         1.28313         0.61214        0.194722            1.64        0.459814            0.59         1.23361
           0.283         1.34504          0.5876        0.166291         1.75466         0.43865            0.59         1.19988
          0.2479           1.429         0.56306        0.139583         1.90438        0.412877            0.59         1.17136
          0.5892        0.558793         0.93968        0.553659         0.57645         1.05585            0.59         2.71118
        0.594314        0.514507         0.94279        0.560313        0.529888         1.14673            0.59          2.9153
        0.599428        0.473663          0.9459        0.566999         0.48702         1.24561            0.59         3.14118
        0.604542        0.436177         0.94901        0.573716        0.447741         1.35266            0.59         3.38937
        0.609656        0.401893         0.95212        0.580466        0.411874         1.46805            0.59         3.66039
         0.61477        0.370615         0.95523        0.587247        0.379201         1.59195            0.59         3.95475
        0.619884        0.342125         0.95834         0.59406        0.349482         1.72452            0.59         4.27298
        0.624998        0.316196         0.96145        0.600904        0.322473         1.86593            0.59         4.61559
        0.630112        0.292607         0.96456        0.607781        0.297934         2.01636            0.59         4.98309
        0.635226        0.271144         0.96767        0.614689        0.275636         2.17597            0.59         5.37603
         0.64034        0.251607         0.97078        0.621629        0.255366         2.34493            0.59         5.79493
        0.645454        0.233811         0.97389        0.628601        0.236925          2.5234            0.59         6.24036
        0.650568        0.217586           0.977        0.635605        0.220133         2.71157            0.59         6.71287
        0.655682        0.202778         0.98011         0.64264        0.204825         2.90959            0.59         7.21304
        0.660796        0.189246         0.98322        0.649708        0.190854         3.11764            0.59         7.74146
         0.66591        0.176865         0.98633        0.656807        0.178086         3.33588            0.59         8.29873
        0.671024        0.165522         0.98944        0.663938        0.166403         3.56448            0.59         8.88546
        0.676138        0.155116         0.99255        0.671101        0.155697         3.80361            0.59         9.50226
        0.681252        0.145555         0.99566        0.678295        0.145872         4.05345            0.59         10.1498
